Graph 1 X	Graph 1 Y	Graph 2 X	Graph 2 Y	
53.7805	-14.1778	53.7805	-14.1778	
54.1463	-14.1778	54.1463	-14.1778	
54.5122	-14.1778	54.5122	-14.1778	
54.8781	-14.1778	54.8781	-14.1778	
55.2439	-14.1926	55.2439	-14.1926	
55.6098	-14.2074	55.6098	-14.2074	
55.9756	-14.2222	55.9756	-14.2222	
56.3415	-14.2370	56.3415	-14.2370	
56.7073	-14.2456	56.7073	-14.2456	
57.0732	-14.2483	57.0732	-14.2483	
57.4390	-14.2473	57.4390	-14.2473	
57.8049	-14.2449	57.8049	-14.2449	
58.1707	-14.2433	58.1707	-14.2433	
58.5366	-14.2449	58.5366	-14.2449	
58.9024	-14.2518	58.9024	-14.2518	
59.2683	-14.2667	59.2683	-14.2667	
59.6342	-14.2815	59.6342	-14.2815	
60.0000	-14.2963	60.0000	-14.2963	
60.3659	-14.4197	60.3659	-14.4197	
60.7317	-14.5284	60.7317	-14.5284	
61.0976	-14.6370	61.0976	-14.6370	
61.4634	-14.7457	61.4634	-14.7457	
61.8293	-14.7980	61.8293	-14.7980	
62.1951	-14.8043	62.1951	-14.8043	
62.5610	-14.7953	62.5610	-14.7953	
62.9268	-14.8017	62.9268	-14.8017	
63.2927	-14.8543	63.2927	-14.8543	
63.6585	-14.9629	63.6585	-14.9629	
64.0244	-15.0716	64.0244	-15.0716	
64.3903	-15.1802	64.3903	-15.1802	
64.7561	-15.2889	64.7561	-15.2889	
65.1220	-15.2889	65.1220	-15.2889	
65.4878	-15.2938	65.4878	-15.2938	
65.8537	-15.2988	65.8537	-15.2988	
66.2195	-15.3037	66.2195	-15.3037	
66.5854	-15.3086	66.5854	-15.3086	
66.9512	-15.3136	66.9512	-15.3136	
67.3171	-15.3185	67.3171	-15.3185	
67.6829	-15.3234	67.6829	-15.3234	
68.0488	-15.3284	68.0488	-15.3284	
68.4146	-15.3333	68.4146	-15.3333	
68.7805	-15.3333	68.7805	-15.3333	
69.1463	-15.3333	69.1463	-15.3333	
69.5122	-15.3333	69.5122	-15.3333	
69.8781	-15.3333	69.8781	-15.3333	
70.2439	-15.3333	70.2439	-15.3333	
70.6098	-15.3333	70.6098	-15.3333	
70.9756	-15.3333	70.9756	-15.3333	
71.3415	-15.3333	71.3415	-15.3333	
71.7073	-15.3333	71.7073	-15.3333	
72.0732	-15.3333	72.0732	-15.3333	
72.4390	-15.3333	72.4390	-15.3333	
72.8049	-15.3333	72.8049	-15.3333	
73.1707	-15.3333	73.1707	-15.3333	
73.5366	-15.3333	73.5366	-15.3333	
73.9024	-15.3333	73.9024	-15.3333	
74.2683	-15.3333	74.2683	-15.3333	
74.6342	-15.3333	74.6342	-15.3333	
75.0000	-15.3333	75.0000	-15.3333	
75.3659	-15.3333	75.3659	-15.3333	
75.7317	-15.3333	75.7317	-15.3333	
76.0976	-15.3333	76.0976	-15.3333	
76.4634	-15.3333	76.4634	-15.3333	
76.8293	-15.3333	76.8293	-15.3333	
77.1951	-15.3333	77.1951	-15.3333	
77.5610	-15.3358	77.5610	-15.3358	
77.9268	-15.3432	77.9268	-15.3432	
78.2927	-15.3506	78.2927	-15.3506	
78.6585	-15.3580	78.6585	-15.3580	
79.0244	-15.3654	79.0244	-15.3654	
79.3903	-15.3728	79.3903	-15.3728	
79.7561	-15.3802	79.7561	-15.3802	
80.1220	-15.3876	80.1220	-15.3876	
80.4878	-15.3950	80.4878	-15.3950	
80.8537	-15.4000	80.8537	-15.4000	
81.2195	-15.4000	81.2195	-15.4000	
81.5854	-15.4000	81.5854	-15.4000	
81.9512	-15.4000	81.9512	-15.4000	
82.3171	-15.4000	82.3171	-15.4000	
82.6829	-15.4000	82.6829	-15.4000	
83.0488	-15.4025	83.0488	-15.4025	
83.4146	-15.4049	83.4146	-15.4049	
83.7805	-15.4074	83.7805	-15.4074	
84.1464	-15.4099	84.1464	-15.4099	
84.5122	-15.4123	84.5122	-15.4123	
84.8781	-15.4148	84.8781	-15.4148	
85.2439	-15.4173	85.2439	-15.4173	
85.6098	-15.4197	85.6098	-15.4197	
85.9756	-15.4222	85.9756	-15.4222	
86.3415	-15.4222	86.3415	-15.4222	
86.7073	-15.4222	86.7073	-15.4222	
87.0732	-15.4222	87.0732	-15.4222	
87.4390	-15.4271	87.4390	-15.4271	
87.8049	-15.4321	87.8049	-15.4321	
88.1707	-15.4370	88.1707	-15.4370	
88.5366	-15.4420	88.5366	-15.4420	
88.9024	-15.4469	88.9024	-15.4469	
89.2683	-15.4518	89.2683	-15.4518	
89.6342	-15.4568	89.6342	-15.4568	
90.0000	-15.4617	90.0000	-15.4617	
90.3659	-15.4667	90.3659	-15.4667	
90.7317	-15.4667	90.7317	-15.4667	
91.0976	-15.4667	91.0976	-15.4667	
91.4634	-15.4667	91.4634	-15.4667	
91.8293	-15.4667	91.8293	-15.4667	
92.1951	-15.4667	92.1951	-15.4667	
92.5610	-15.4667	92.5610	-15.4667	
92.9268	-15.4667	92.9268	-15.4667	
93.2927	-15.4667	93.2927	-15.4667	
93.6585	-15.4667	93.6585	-15.4667	
94.0244	-15.4667	94.0244	-15.4667	
94.3903	-15.4667	94.3903	-15.4667	
94.7561	-15.4667	94.7561	-15.4667	
95.1220	-15.4667	95.1220	-15.4667	
95.4878	-15.4667	95.4878	-15.4667	
95.8537	-15.4667	95.8537	-15.4667	
96.2195	-15.4667	96.2195	-15.4667	
96.5854	-15.4667	96.5854	-15.4667	
96.9512	-15.4667	96.9512	-15.4667	
97.3171	-15.4667	97.3171	-15.4667	
97.6829	-15.4667	97.6829	-15.4667	
98.0488	-15.4667	98.0488	-15.4667	
98.4146	-15.4667	98.4146	-15.4667	
98.7805	-15.4667	98.7805	-15.4667	
99.1464	-15.4667	99.1464	-15.4667	
99.5122	-15.4667	99.5122	-15.4667	
99.8781	-15.4667	99.8781	-15.4667	
100.2439	-15.4667	100.2439	-15.4667	
100.6098	-15.4667	100.6098	-15.4667	
100.9756	-15.4667	100.9756	-15.4667	
101.3415	-15.4667	101.3415	-15.4667	
101.7073	-15.4667	101.7073	-15.4667	
102.0732	-15.4667	102.0732	-15.4667	
102.4390	-15.4667	102.4390	-15.4667	
102.8049	-15.4667	102.8049	-15.4667	
103.1707	-15.4667	103.1707	-15.4667	
103.5366	-15.4667	103.5366	-15.4667	
103.9025	-15.4667	103.9025	-15.4667	
104.2683	-15.4667	104.2683	-15.4667	
104.6342	-15.4667	104.6342	-15.4667	
105.0000	-15.4667	105.0000	-15.4667	
105.3659	-15.4667	105.3659	-15.4667	
105.7317	-15.4667	105.7317	-15.4667	
106.0976	-15.4667	106.0976	-15.4667	
106.4634	-15.4667	106.4634	-15.4667	
106.8293	-15.4667	106.8293	-15.4667	
107.1951	-15.4667	107.1951	-15.4667	
107.5610	-15.4667	107.5610	-15.4667	
107.9268	-15.4667	107.9268	-15.4667	
108.2927	-15.4667	108.2927	-15.4667	
108.6585	-15.4667	108.6585	-15.4667	
109.0244	-15.4667	109.0244	-15.4667	
109.3903	-15.4667	109.3903	-15.4667	
109.7561	-15.4667	109.7561	-15.4667	
110.1220	-15.4642	110.1220	-15.4642	
110.4878	-15.4568	110.4878	-15.4568	
110.8537	-15.4469	110.8537	-15.4469	
111.2195	-15.4346	111.2195	-15.4346	
111.5854	-15.4284	111.5854	-15.4284	
111.9512	-15.4285	111.9512	-15.4285	
112.3171	-15.4318	112.3171	-15.4318	
112.6829	-15.4356	112.6829	-15.4356	
113.0488	-15.4368	113.0488	-15.4368	
113.4146	-15.4325	113.4146	-15.4325	
113.7805	-15.4197	113.7805	-15.4197	
114.1464	-15.4000	114.1464	-15.4000	
114.5122	-15.3753	114.5122	-15.3753	
114.8781	-15.3111	114.8781	-15.3111	
115.2439	-15.2444	115.2439	-15.2444	
115.6098	-15.1753	115.6098	-15.1753	
115.9756	-15.1062	115.9756	-15.1062	
116.3415	-15.0662	116.3415	-15.0662	
116.7073	-15.0548	116.7073	-15.0548	
117.0732	-15.0620	117.0732	-15.0620	
117.4390	-15.0779	117.4390	-15.0779	
117.8049	-15.0923	117.8049	-15.0923	
118.1707	-15.0953	118.1707	-15.0953	
118.5366	-15.0770	118.5366	-15.0770	
118.9025	-15.0271	118.9025	-15.0271	
119.2683	-14.9481	119.2683	-14.9481	
119.6342	-14.8691	119.6342	-14.8691	
120.0000	-14.7629	120.0000	-14.7629	
120.3659	-14.6592	120.3659	-14.6592	
120.7317	-14.5926	120.7317	-14.5926	
121.0976	-14.5284	121.0976	-14.5284	
121.4634	-14.4884	121.4634	-14.4884	
121.8293	-14.4747	121.8293	-14.4747	
122.1951	-14.4788	122.1951	-14.4788	
122.5610	-14.4921	122.5610	-14.4921	
122.9268	-14.5060	122.9268	-14.5060	
123.2927	-14.5121	123.2927	-14.5121	
123.6586	-14.5019	123.6586	-14.5019	
124.0244	-14.4667	124.0244	-14.4667	
124.3903	-14.4099	124.3903	-14.4099	
124.7561	-14.3629	124.7561	-14.3629	
125.1220	-14.3037	125.1220	-14.3037	
125.4878	-14.2444	125.4878	-14.2444	
125.8537	-14.2123	125.8537	-14.2123	
126.2195	-14.1778	126.2195	-14.1778	
126.5854	-14.1592	126.5854	-14.1592	
126.9512	-14.1572	126.9512	-14.1572	
127.3171	-14.1625	127.3171	-14.1625	
127.6829	-14.1664	127.6829	-14.1664	
128.0488	-14.1596	128.0488	-14.1596	
128.4146	-14.1333	128.4146	-14.1333	
128.7805	-14.0864	128.7805	-14.0864	
129.1464	-14.0395	129.1464	-14.0395	
129.5122	-13.9876	129.5122	-13.9876	
129.8781	-13.9333	129.8781	-13.9333	
130.2439	-13.8592	130.2439	-13.8592	
130.6098	-13.7852	130.6098	-13.7852	
130.9756	-13.7136	130.9756	-13.7136	
131.3415	-13.6444	131.3415	-13.6444	
131.7073	-13.6078	131.7073	-13.6078	
132.0732	-13.6006	132.0732	-13.6006	
132.4390	-13.6086	132.4390	-13.6086	
132.8049	-13.6177	132.8049	-13.6177	
133.1707	-13.6138	133.1707	-13.6138	
133.5366	-13.5827	133.5366	-13.5827	
133.9025	-13.5185	133.9025	-13.5185	
134.2683	-13.4444	134.2683	-13.4444	
134.6342	-13.3728	134.6342	-13.3728	
135.0000	-13.3062	135.0000	-13.3062	
135.3659	-13.2741	135.3659	-13.2741	
135.7317	-13.2444	135.7317	-13.2444	
136.0976	-13.2173	136.0976	-13.2173	
136.4634	-13.2018	136.4634	-13.2018	
136.8293	-13.1968	136.8293	-13.1968	
137.1951	-13.1983	137.1951	-13.1983	
137.5610	-13.2024	137.5610	-13.2024	
137.9268	-13.2054	137.9268	-13.2054	
138.2927	-13.2034	138.2927	-13.2034	
138.6586	-13.1926	138.6586	-13.1926	
139.0244	-13.1728	139.0244	-13.1728	
139.3903	-13.1580	139.3903	-13.1580	
139.7561	-13.1555	139.7561	-13.1555	
140.1220	-13.1555	140.1220	-13.1555	
140.4878	-13.1555	140.4878	-13.1555	
140.8537	-13.1555	140.8537	-13.1555	
141.2195	-13.1555	141.2195	-13.1555	
141.5854	-13.1555	141.5854	-13.1555	
141.9512	-13.1555	141.9512	-13.1555	
142.3171	-13.1555	142.3171	-13.1555	
142.6829	-13.1555	142.6829	-13.1555	
143.0488	-13.1555	143.0488	-13.1555	
143.4147	-13.1555	143.4147	-13.1555	
143.7805	-13.1555	143.7805	-13.1555	
144.1464	-13.1555	144.1464	-13.1555	
144.5122	-13.1555	144.5122	-13.1555	
144.8781	-13.1555	144.8781	-13.1555	
145.2439	-13.1555	145.2439	-13.1555	
145.6098	-13.1555	145.6098	-13.1555	
145.9756	-13.1550	145.9756	-13.1550	
146.3415	-13.1539	146.3415	-13.1539	
146.7073	-13.1526	146.7073	-13.1526	
147.0732	-13.1514	147.0732	-13.1514	
147.4390	-13.1505	147.4390	-13.1505	
147.8049	-13.1501	147.8049	-13.1501	
148.1707	-13.1507	148.1707	-13.1507	
148.5366	-13.1524	148.5366	-13.1524	
148.9025	-13.1555	148.9025	-13.1555	
149.2683	-13.1555	149.2683	-13.1555	
149.6342	-13.1383	149.6342	-13.1383	
150.0000	-13.1185	150.0000	-13.1185	
150.3659	-13.0988	150.3659	-13.0988	
150.7317	-13.0765	150.7317	-13.0765	
151.0976	-13.0625	151.0976	-13.0625	
151.4634	-13.0575	151.4634	-13.0575	
151.8293	-13.0590	151.8293	-13.0590	
152.1951	-13.0641	152.1951	-13.0641	
152.5610	-13.0703	152.5610	-13.0703	
152.9268	-13.0749	152.9268	-13.0749	
153.2927	-13.0751	153.2927	-13.0751	
153.6586	-13.0683	153.6586	-13.0683	
154.0244	-13.0518	154.0244	-13.0518	
154.3903	-13.0247	154.3903	-13.0247	
154.7561	-12.9926	154.7561	-12.9926	
155.1220	-12.9605	155.1220	-12.9605	
155.4878	-12.9284	155.4878	-12.9284	
155.8537	-12.9136	155.8537	-12.9136	
156.2195	-12.9078	156.2195	-12.9078	
156.5854	-12.9065	156.5854	-12.9065	
156.9512	-12.9079	156.9512	-12.9079	
157.3171	-12.9106	157.3171	-12.9106	
157.6829	-12.9128	157.6829	-12.9128	
158.0488	-12.9131	158.0488	-12.9131	
158.4147	-12.9097	158.4147	-12.9097	
158.7805	-12.9012	158.7805	-12.9012	
159.1464	-12.8889	159.1464	-12.8889	
159.5122	-12.8790	159.5122	-12.8790	
159.8781	-12.8617	159.8781	-12.8617	
160.2439	-12.8469	160.2439	-12.8469	
160.6098	-12.8346	160.6098	-12.8346	
160.9756	-12.8222	160.9756	-12.8222	
161.3415	-12.8161	161.3415	-12.8161	
161.7073	-12.8156	161.7073	-12.8156	
162.0732	-12.8178	162.0732	-12.8178	
162.4390	-12.8196	162.4390	-12.8196	
162.8049	-12.8179	162.8049	-12.8179	
163.1708	-12.8099	163.1708	-12.8099	
163.5366	-12.7950	163.5366	-12.7950	
163.9025	-12.7802	163.9025	-12.7802	
164.2683	-12.7630	164.2683	-12.7630	
164.6342	-12.7457	164.6342	-12.7457	
165.0000	-12.7234	165.0000	-12.7234	
165.3659	-12.6988	165.3659	-12.6988	
165.7317	-12.6741	165.7317	-12.6741	
166.0976	-12.6444	166.0976	-12.6444	
166.4634	-12.6287	166.4634	-12.6287	
166.8293	-12.6266	166.8293	-12.6266	
167.1951	-12.6310	167.1951	-12.6310	
167.5610	-12.6344	167.5610	-12.6344	
167.9268	-12.6298	167.9268	-12.6298	
168.2927	-12.6099	168.2927	-12.6099	
168.6586	-12.5728	168.6586	-12.5728	
169.0244	-12.5333	169.0244	-12.5333	
169.3903	-12.4938	169.3903	-12.4938	
169.7561	-12.4518	169.7561	-12.4518	
170.1220	-12.3679	170.1220	-12.3679	
170.4878	-12.2815	170.4878	-12.2815	
170.8537	-12.1852	170.8537	-12.1852	
171.2195	-12.0667	171.2195	-12.0667	
171.5854	-12.0009	171.5854	-12.0009	
171.9512	-11.9883	171.9512	-11.9883	
172.3171	-12.0027	172.3171	-12.0027	
172.6829	-12.0185	172.6829	-12.0185	
173.0488	-12.0097	173.0488	-12.0097	
173.4147	-11.9506	173.4147	-11.9506	
173.7805	-11.8346	173.7805	-11.8346	
174.1464	-11.7160	174.1464	-11.7160	
174.5122	-11.6000	174.5122	-11.6000	
174.8781	-11.4839	174.8781	-11.4839	
175.2439	-11.4173	175.2439	-11.4173	
175.6098	-11.3555	175.6098	-11.3555	
175.9756	-11.3062	175.9756	-11.3062	
176.3415	-11.2839	176.3415	-11.2839	
176.7073	-11.2755	176.7073	-11.2755	
177.0732	-11.2739	177.0732	-11.2739	
177.4390	-11.2755	177.4390	-11.2755	
177.8049	-11.2768	177.8049	-11.2768	
178.1708	-11.2742	178.1708	-11.2742	
178.5366	-11.2642	178.5366	-11.2642	
178.9025	-11.2494	178.9025	-11.2494	
179.2683	-11.2469	179.2683	-11.2469	
179.6342	-11.2444	179.6342	-11.2444	
180.0000	-11.2444	180.0000	-11.2444	
180.3659	-11.2518	180.3659	-11.2518	
180.7317	-11.2592	180.7317	-11.2592	
181.0976	-11.2637	181.0976	-11.2637	
181.4634	-11.2656	181.4634	-11.2656	
181.8293	-11.2657	181.8293	-11.2657	
182.1951	-11.2648	182.1951	-11.2648	
182.5610	-11.2637	182.5610	-11.2637	
182.9269	-11.2631	182.9269	-11.2631	
183.2927	-11.2639	183.2927	-11.2639	
183.6586	-11.2667	183.6586	-11.2667	
184.0244	-11.2741	184.0244	-11.2741	
184.3903	-11.2913	184.3903	-11.2913	
184.7561	-11.3086	184.7561	-11.3086	
185.1220	-11.3185	185.1220	-11.3185	
185.4878	-11.3284	185.4878	-11.3284	
185.8537	-11.3347	185.8537	-11.3347	
186.2195	-11.3370	186.2195	-11.3370	
186.5854	-11.3366	186.5854	-11.3366	
186.9512	-11.3346	186.9512	-11.3346	
187.3171	-11.3325	187.3171	-11.3325	
187.6829	-11.3316	187.6829	-11.3316	
188.0488	-11.3330	188.0488	-11.3330	
188.4147	-11.3383	188.4147	-11.3383	
188.7805	-11.3481	188.7805	-11.3481	
189.1464	-11.3580	189.1464	-11.3580	
189.5122	-11.3555	189.5122	-11.3555	
189.8781	-11.3506	189.8781	-11.3506	
190.2439	-11.3309	190.2439	-11.3309	
190.6098	-11.3111	190.6098	-11.3111	
190.9756	-11.2988	190.9756	-11.2988	
191.3415	-11.2932	191.3415	-11.2932	
191.7073	-11.2924	191.7073	-11.2924	
192.0732	-11.2947	192.0732	-11.2947	
192.4390	-11.2983	192.4390	-11.2983	
192.8049	-11.3013	192.8049	-11.3013	
193.1708	-11.3019	193.1708	-11.3019	
193.5366	-11.2984	193.5366	-11.2984	
193.9025	-11.2889	193.9025	-11.2889	
194.2683	-11.2642	194.2683	-11.2642	
194.6342	-11.2049	194.6342	-11.2049	
195.0000	-11.1457	195.0000	-11.1457	
195.3659	-11.0839	195.3659	-11.0839	
195.7317	-11.0321	195.7317	-11.0321	
196.0976	-11.0034	196.0976	-11.0034	
196.4634	-10.9950	196.4634	-10.9950	
196.8293	-10.9997	196.8293	-10.9997	
197.1951	-11.0108	197.1951	-11.0108	
197.5610	-11.0214	197.5610	-11.0214	
197.9269	-11.0244	197.9269	-11.0244	
198.2927	-11.0130	198.2927	-11.0130	
198.6586	-10.9802	198.6586	-10.9802	
199.0244	-10.9284	199.0244	-10.9284	
199.3903	-10.8716	199.3903	-10.8716	
199.7561	-10.7654	199.7561	-10.7654	
200.1220	-10.6592	200.1220	-10.6592	
200.4878	-10.5852	200.4878	-10.5852	
200.8537	-10.5062	200.8537	-10.5062	
201.2195	-10.4632	201.2195	-10.4632	
201.5854	-10.4561	201.5854	-10.4561	
201.9512	-10.4667	201.9512	-10.4667	
202.3171	-10.4771	202.3171	-10.4771	
202.6829	-10.4691	202.6829	-10.4691	
203.0488	-10.4247	203.0488	-10.4247	
203.4147	-10.3333	203.4147	-10.3333	
203.7805	-10.2173	203.7805	-10.2173	
204.1464	-10.1037	204.1464	-10.1037	
204.5122	-9.9901	204.5122	-9.9901	
204.8781	-9.9234	204.8781	-9.9234	
205.2439	-9.8469	205.2439	-9.8469	
205.6098	-9.7531	205.6098	-9.7531	
205.9756	-9.6617	205.9756	-9.6617	
206.3415	-9.5728	206.3415	-9.5728	
206.7073	-9.4913	206.7073	-9.4913	
207.0732	-9.4321	207.0732	-9.4321	
207.4390	-9.3654	207.4390	-9.3654	
207.8049	-9.3012	207.8049	-9.3012	
208.1708	-9.2395	208.1708	-9.2395	
208.5366	-9.1852	208.5366	-9.1852	
208.9025	-9.1457	208.9025	-9.1457	
209.2683	-9.0963	209.2683	-9.0963	
209.6342	-9.0346	209.6342	-9.0346	
210.0000	-8.7136	210.0000	-8.7136	
210.3659	-8.4049	210.3659	-8.4049	
210.7317	-8.1062	210.7317	-8.1062	
211.0976	-7.8099	211.0976	-7.8099	
211.4634	-7.6352	211.4634	-7.6352	
211.8293	-7.5669	211.8293	-7.5669	
212.1951	-7.5466	212.1951	-7.5466	
212.5610	-7.5160	212.5610	-7.5160	
212.9269	-7.4214	212.9269	-7.4214	
213.2927	-7.2272	213.2927	-7.2272	
213.6586	-6.9432	213.6586	-6.9432	
214.0244	-6.6716	214.0244	-6.6716	
214.3903	-6.4148	214.3903	-6.4148	
214.7561	-6.4222	214.7561	-6.4222	
215.1220	-6.2222	215.1220	-6.2222	
215.4878	-5.7728	215.4878	-5.7728	
215.8537	-5.4667	215.8537	-5.4667	
216.2195	-5.1605	216.2195	-5.1605	
216.5854	-4.9643	216.5854	-4.9643	
216.9512	-4.8543	216.9512	-4.8543	
217.3171	-4.7426	217.3171	-4.7426	
217.6830	-4.5481	217.6830	-4.5481	
218.0488	-4.2420	218.0488	-4.2420	
218.4147	-3.9358	218.4147	-3.9358	
218.7805	-3.6296	218.7805	-3.6296	
219.1464	-3.5235	219.1464	-3.5235	
219.5122	-3.6568	219.5122	-3.6568	
219.8781	-3.7630	219.8781	-3.7630	
220.2439	-3.5679	220.2439	-3.5679	
220.6098	-3.3778	220.6098	-3.3778	
220.9756	-3.2557	220.9756	-3.2557	
221.3415	-3.1877	221.3415	-3.1877	
221.7073	-3.1582	221.7073	-3.1582	
222.0732	-3.1152	222.0732	-3.1152	
222.4390	-2.9975	222.4390	-2.9975	
222.8049	-2.8074	222.8049	-2.8074	
223.1708	-2.7156	223.1708	-2.7156	
223.5366	-2.6173	223.5366	-2.6173	
223.9025	-2.4272	223.9025	-2.4272	
224.2683	-2.2938	224.2683	-2.2938	
224.6342	-2.0222	224.6342	-2.0222	
225.0000	-2.0568	225.0000	-2.0568	
225.3659	-2.0864	225.3659	-2.0864	
225.7317	-2.1160	225.7317	-2.1160	
226.0976	-2.1355	226.0976	-2.1355	
226.4634	-2.1398	226.4634	-2.1398	
226.8293	-2.1373	226.8293	-2.1373	
227.1951	-2.1365	227.1951	-2.1365	
227.5610	-2.1457	227.5610	-2.1457	
227.9269	-2.1681	227.9269	-2.1681	
228.2927	-2.1857	228.2927	-2.1857	
228.6586	-2.1753	228.6586	-2.1753	
229.0244	-2.2049	229.0244	-2.2049	
229.3903	-2.5012	229.3903	-2.5012	
229.7561	-2.6716	229.7561	-2.6716	
230.1220	-2.6938	230.1220	-2.6938	
230.4878	-2.8889	230.4878	-2.8889	
230.8537	-3.0124	230.8537	-3.0124	
231.2195	-3.0288	231.2195	-3.0288	
231.5854	-3.0030	231.5854	-3.0030	
231.9512	-2.9998	231.9512	-2.9998	
232.3171	-3.0839	232.3171	-3.0839	
232.6830	-3.2790	232.6830	-3.2790	
233.0488	-3.4741	233.0488	-3.4741	
233.4147	-3.6691	233.4147	-3.6691	
233.7805	-3.8642	233.7805	-3.8642	
234.1464	-3.7926	234.1464	-3.7926	
234.5122	-3.9951	234.5122	-3.9951	
234.8781	-4.3679	234.8781	-4.3679	
235.2439	-4.5630	235.2439	-4.5630	
235.6098	-4.7580	235.6098	-4.7580	
235.9756	-4.8693	235.9756	-4.8693	
236.3415	-4.8907	236.3415	-4.8907	
236.7073	-4.8660	236.7073	-4.8660	
237.0732	-4.8390	237.0732	-4.8390	
237.4391	-4.8535	237.4391	-4.8535	
237.8049	-4.9531	237.8049	-4.9531	
238.1708	-5.1481	238.1708	-5.1481	
238.5366	-5.3432	238.5366	-5.3432	
238.9025	-5.5383	238.9025	-5.5383	
239.2683	-5.7358	239.2683	-5.7358	
239.6342	-5.7383	239.6342	-5.7383	
240.0000	-5.7407	240.0000	-5.7407	
240.3659	-5.7432	240.3659	-5.7432	
240.7317	-5.7457	240.7317	-5.7457	
241.0976	-5.7479	241.0976	-5.7479	
241.4634	-5.7487	241.4634	-5.7487	
241.8293	-5.7487	241.8293	-5.7487	
242.1951	-5.7482	242.1951	-5.7482	
242.5610	-5.7477	242.5610	-5.7477	
242.9269	-5.7475	242.9269	-5.7475	
243.2927	-5.7481	243.2927	-5.7481	
243.6586	-5.7506	243.6586	-5.7506	
244.0244	-5.7531	244.0244	-5.7531	
244.3903	-5.7555	244.3903	-5.7555	
244.7561	-5.8074	244.7561	-5.8074	
245.1220	-5.8593	245.1220	-5.8593	
245.4878	-5.9111	245.4878	-5.9111	
245.8537	-5.9630	245.8537	-5.9630	
246.2195	-5.9901	246.2195	-5.9901	
246.5854	-5.9951	246.5854	-5.9951	
246.9512	-5.9889	246.9512	-5.9889	
247.3171	-5.9827	247.3171	-5.9827	
247.6830	-5.9877	247.6830	-5.9877	
248.0488	-6.0148	248.0488	-6.0148	
248.4147	-6.0667	248.4147	-6.0667	
248.7805	-6.1185	248.7805	-6.1185	
249.1464	-6.1704	249.1464	-6.1704	
249.5122	-6.2222	249.5122	-6.2222	
249.8781	-6.2222	249.8781	-6.2222	
250.2439	-6.2222	250.2439	-6.2222	
250.6098	-6.2222	250.6098	-6.2222	
250.9756	-6.2222	250.9756	-6.2222	
251.3415	-6.2223	251.3415	-6.2223	
251.7073	-6.2223	251.7073	-6.2223	
252.0732	-6.2223	252.0732	-6.2223	
252.4391	-6.2222	252.4391	-6.2222	
252.8049	-6.2222	252.8049	-6.2222	
253.1708	-6.2222	253.1708	-6.2222	
253.5366	-6.2222	253.5366	-6.2222	
253.9025	-6.2222	253.9025	-6.2222	
254.2683	-6.2247	254.2683	-6.2247	
254.6342	-6.2272	254.6342	-6.2272	
255.0000	-6.2296	255.0000	-6.2296	
255.3659	-6.2321	255.3659	-6.2321	
255.7317	-6.2334	255.7317	-6.2334	
256.0976	-6.2335	256.0976	-6.2335	
256.4634	-6.2329	256.4634	-6.2329	
256.8293	-6.2320	256.8293	-6.2320	
257.1952	-6.2313	257.1952	-6.2313	
257.5610	-6.2312	257.5610	-6.2312	
257.9269	-6.2321	257.9269	-6.2321	
258.2927	-6.2346	258.2927	-6.2346	
258.6586	-6.2370	258.6586	-6.2370	
259.0244	-6.2395	259.0244	-6.2395	
259.3903	-6.2617	259.3903	-6.2617	
259.7561	-6.2839	259.7561	-6.2839	
260.1220	-6.3037	260.1220	-6.3037	
260.4878	-6.3235	260.4878	-6.3235	
260.8537	-6.3335	260.8537	-6.3335	
261.2195	-6.3341	261.2195	-6.3341	
261.5854	-6.3288	261.5854	-6.3288	
261.9512	-6.3214	261.9512	-6.3214	
262.3171	-6.3154	262.3171	-6.3154	
262.6830	-6.3146	262.6830	-6.3146	
263.0488	-6.3227	263.0488	-6.3227	
263.4147	-6.3432	263.4147	-6.3432	
263.7805	-6.3630	263.7805	-6.3630	
264.1464	-6.3852	264.1464	-6.3852	
264.5122	-6.5975	264.5122	-6.5975	
264.8781	-6.8074	264.8781	-6.8074	
265.2439	-6.9975	265.2439	-6.9975	
265.6098	-7.1876	265.6098	-7.1876	
265.9756	-7.3088	265.9756	-7.3088	
266.3415	-7.3630	266.3415	-7.3630	
266.7073	-7.3771	266.7073	-7.3771	
267.0732	-7.3778	267.0732	-7.3778	
267.4391	-7.3918	267.4391	-7.3918	
267.8049	-7.4462	267.8049	-7.4462	
268.1708	-7.5679	268.1708	-7.5679	
268.5366	-7.7580	268.5366	-7.7580	
268.9025	-7.9481	268.9025	-7.9481	
269.2683	-8.1358	269.2683	-8.1358	
269.6342	-8.2222	269.6342	-8.2222	
270.0000	-8.2333	270.0000	-8.2333	
270.3659	-8.2476	270.3659	-8.2476	
270.7317	-8.2667	270.7317	-8.2667	
271.0976	-8.2838	271.0976	-8.2838	
271.4634	-8.2961	271.4634	-8.2961	
271.8293	-8.3003	271.8293	-8.3003	
272.1952	-8.2933	272.1952	-8.2933	
